-0.45461519471942496
-0.3906302890590476
-0.32664538339867033
-0.26266047773829293
-0.20104538339867017
-0.13943028905904764
-0.0778151947194251
-0.018569911700557072
0.040675371318310866
0.09518103169566933
0.15205650339378252
0.2041923524503864
0.25395839018623545
0.3037244279220845
0.34875084301642395
0.3914074467900089
0.4340640505635938
0.474350843016424
0.5122678241484994
0.5478149939598205
0.5809923524503862
0.6117998996201978
0.6426074467900089
0.6710451826390658
0.6947432958466127
0.7184414090541599
0.7421395222617071
0.7634678241484996
0.784796126035292
0.8013848052805751
0.8203432958466128
0.8369319750918959
0.853520654337179
0.8653697109409525
0.8795885788654807
0.8938074467900091
0.903286692073028
0.9127659373560466
0.9246149939598204
0.9340942392428393
0.9435734845258579
0.9483131071673674
0.9577923524503863
0.9649017864126506
0.96964140905416
0.9791206543371789
0.9838602769786883
0.9885998996201977
0.9933395222617071
0.9980791449032165
1.0004489562239711
1.0051885788654804
1.0099282015069897
1.014667824148499
1.0170376354692536
1.0194074467900085
1.0217772581107631
1.0265168807522724
1.0265168807522724
1.028886692073027
1.031256503393782
1.0336263147145366
1.0336263147145366
1.0383659373560459
1.0383659373560459
1.0407357486768005
1.0407357486768005
1.0407357486768005
1.0454753713183103
1.0454753713183103
1.0454753713183103
1.047845182639065
1.047845182639065
1.047845182639065
1.0502149939598195
1.0502149939598195
1.0502149939598195
1.0502149939598195
1.0525848052805746
1.0525848052805746
1.0525848052805746
1.0549546166013295
1.0549546166013295
1.0549546166013295
1.0549546166013295
1.0549546166013295
1.0573244279220841
1.0573244279220841
1.0573244279220841
1.0596942392428388
1.0596942392428388
1.0596942392428388
1.0596942392428388
1.0596942392428388
1.0596942392428388
1.0596942392428388
1.0596942392428388
1.0596942392428388
1.0596942392428388
1.0596942392428388
1.0596942392428388
1.0596942392428388
1.0596942392428388
1.0596942392428388
1.0596942392428388
1.0596942392428388
1.0596942392428388
1.0596942392428388
1.0620640505635934
1.0620640505635934
1.059694239242839
1.059694239242839
1.059694239242839
1.059694239242839
1.059694239242839
1.059694239242839
1.059694239242839
1.059694239242839
1.059694239242839
1.062064050563594
1.062064050563594
1.0596942392428392
1.0596942392428392
1.0596942392428392
1.0596942392428392
1.0596942392428392
1.0596942392428392
1.0596942392428392
1.0596942392428392
1.0620640505635939
1.0620640505635939
1.059694239242839
1.059694239242839
1.059694239242839
1.059694239242839
1.059694239242839
1.059694239242839
1.059694239242839
1.059694239242839
1.0620640505635937
1.0620640505635937
1.0620640505635937
1.0596942392428388
1.0596942392428388
1.0596942392428388
1.0596942392428388
1.0596942392428388
1.0596942392428388
1.0596942392428388
1.0596942392428388
1.0620640505635934
1.0620640505635934
1.0596942392428392
1.0596942392428392
