1366.0573827224694
1391.974949347419
1383.9195466156634
1343.7414065689177
1356.8755154718915
1385.7073885454479
1345.0177295019978
1379.7013176896057
1354.397989825966
1324.1260315351888
568.6212051848473
603.3228033217582
592.5372480081177
538.7418554866405
556.3274018318236
594.9310287622095
540.4507522421728
586.889368824096
553.0101884304687
512.4783998322042
367.7304824794325
377.70839591128373
374.607174555156
359.1391327809987
364.19558748351017
375.29546957387316
359.6304998881676
372.98321333730706
363.2417735403278
351.58747807312835
288.8247722922974
299.10321775877264
295.90858846015857
279.97465348119584
285.18340722198906
296.6176147373507
280.4808204317863
294.2357139727885
284.2008646626531
272.1955449905647
